[gd_scene load_steps=14 format=3 uid="uid://bx8ogxntv876p"]

[ext_resource type="PackedScene" uid="uid://bjiwxbew7uq6m" path="res://Player/player.tscn" id="1_u046q"]
[ext_resource type="PackedScene" uid="uid://sbjpgjlplhhi" path="res://EnvironmentScene/Stairs.tscn" id="2_pc416"]
[ext_resource type="PackedScene" uid="uid://c5gctciwihx33" path="res://Character/Character.tscn" id="3_lnlvc"]
[ext_resource type="Script" uid="uid://dj66fmmp5kxmv" path="res://Character/ChangeSprite.gd" id="4_b8xjv"]
[ext_resource type="Texture2D" uid="uid://cnpcb36ak888c" path="res://Fishin'.png" id="5_bnxp1"]
[ext_resource type="PackedScene" uid="uid://deb8un74hhdrp" path="res://Fireball/Fireball.tscn" id="6_ps0lg"]

[sub_resource type="ProceduralSkyMaterial" id="ProceduralSkyMaterial_u046q"]
sky_horizon_color = Color(0.662243, 0.671743, 0.686743, 1)
ground_horizon_color = Color(0.662243, 0.671743, 0.686743, 1)

[sub_resource type="Sky" id="Sky_pc416"]
sky_material = SubResource("ProceduralSkyMaterial_u046q")

[sub_resource type="Environment" id="Environment_lnlvc"]
background_mode = 2
sky = SubResource("Sky_pc416")
tonemap_mode = 2
glow_enabled = true

[sub_resource type="BoxMesh" id="BoxMesh_u046q"]

[sub_resource type="BoxShape3D" id="BoxShape3D_pc416"]

[sub_resource type="BoxMesh" id="BoxMesh_pc416"]

[sub_resource type="BoxMesh" id="BoxMesh_b8xjv"]

[node name="World1" type="Node3D"]

[node name="WorldEnvironment" type="WorldEnvironment" parent="."]
environment = SubResource("Environment_lnlvc")

[node name="DirectionalLight3D" type="DirectionalLight3D" parent="."]
transform = Transform3D(-0.866023, -0.433016, 0.250001, 0, 0.499998, 0.866027, -0.500003, 0.749999, -0.43301, 0, 0, 0)
shadow_enabled = true

[node name="Label3D" type="Label3D" parent="."]
transform = Transform3D(0.704325, 0, 0.709878, 0, 1, 0, -0.709878, 0, 0.704325, -3.25367, 2.15929, -6.15717)
text = "1 - Unarmed
2 - Pistol
3 - Shotgun
WASD - movement
Space - Jump 
L Mouse - Shoot"

[node name="MeshInstance3D2" type="MeshInstance3D" parent="."]
transform = Transform3D(1, 0, 0, 0, 1, 0, 0, 0, 1, 0, 1.80857, 2.74985)
mesh = SubResource("BoxMesh_u046q")
skeleton = NodePath("Area3D/CollisionShape3D")

[node name="Area3D" type="Area3D" parent="MeshInstance3D2"]
transform = Transform3D(-0.461284, -3.74532e-09, -0.887253, -0.434543, -0.871856, 0.22592, -0.773556, 0.489763, 0.402173, 0, 0, 0)

[node name="CollisionShape3D" type="CollisionShape3D" parent="MeshInstance3D2/Area3D"]
transform = Transform3D(0.774102, 0.440803, 0.454377, -0.499778, 0.86608, 0.0112437, -0.388571, -0.235792, 0.890738, 0, 0, 0)
shape = SubResource("BoxShape3D_pc416")

[node name="Floor" type="CSGMesh3D" parent="."]
transform = Transform3D(40, 0, 0, 0, 1, 0, 0, 0, 40, 0, 0, 0)
use_collision = true
mesh = SubResource("BoxMesh_pc416")

[node name="Stair" parent="." instance=ExtResource("2_pc416")]
transform = Transform3D(-4.37114e-08, 0, 1, 0, 0.25, 0, -1, 0, -4.37114e-08, 0, 0.453256, -20)

[node name="Stair2" parent="Stair" instance=ExtResource("2_pc416")]
transform = Transform3D(1, 0, 0, 0, 1, 0, 0, 0, 1, 4, 2, 0)

[node name="Player1" parent="." instance=ExtResource("1_u046q")]
transform = Transform3D(1, 0, 0, 0, 1, 0, 0, 0, 1, 0, 2.05061, 0)

[node name="CharacterBody3D" parent="." instance=ExtResource("3_lnlvc")]
transform = Transform3D(-1, 0, -8.74228e-08, 0, 1, 0, 8.74228e-08, 0, -1, 8.74868, 1.61032, -5.43717)
collision_layer = 0
collision_mask = 0
script = ExtResource("4_b8xjv")

[node name="MeshInstance3D" type="MeshInstance3D" parent="."]
transform = Transform3D(0.2, 0, 0, 0, 40, 0, 0, 0, 0.2, 0, 0, 0)
mesh = SubResource("BoxMesh_b8xjv")
skeleton = NodePath("../CharacterBody3D")

[node name="Sprite3D" type="Sprite3D" parent="."]
transform = Transform3D(-0.794128, 0, 0.0681972, 0, 4.37013, 0, -6.53363, 0, -0.00828901, -21.0272, 3.23175, -10.0005)
texture = ExtResource("5_bnxp1")

[node name="Node3D" parent="." instance=ExtResource("6_ps0lg")]
transform = Transform3D(1, 0, 0, 0, 1, 0, 0, 0, 1, 7.94642, 1.3, -10.407)
